85094050
84502090
73211900
85271300
85171231
33072010
40081100
94018000
85437099
33071000
84713012
95030022
85235290
76169900
82121020
44191100
82055100
85444200
48202000
44199000
37012010
84148019
90151000
85168090
90291090
82075019
84716059
73241000
84433223
42022900
61062000
84672993
84149039
82054000
85279990
61071100
61059000
95042000
61051000
61044200
85271990
85291019
73218200
95062900
96032900
62111200
82011000
61169300
63064090
82119100
82016000
91022900
96035000
85443000
94051093
84433119
85364900
63071000
39259090
33041000
84272090
91029100
84253110
65069100
85286200
62171000
82023900
90278099
85176219
91029900
62042200
46021100
62043900
62019300
61013000
83063000
61122000
82159990
62082200
84681000
25051000
90181980
82029100
60019200
21012010
61021000
90292010
87149990
90058000
95063900
93062900
82033000
96100000
63041990
68042111
62021200
85198190
84182900
56031230
61079910
84198919
46019200
56090010
57039000
72149910
59032000
33053000
84439922
90118090
63019000
85044029
84186940
73102910
84223029
84122190
87113000
85109011
85312000
62033900
90211010
33042090
84179000
85043119
85437019
84671110
87087090
87082919
85122022
61151093
62114200
85094090
85167200
94055000
42021220
84181000
84183000
94041000
69120000
84242000
94016100
84184000
84719014
48181000
39231090
82041100
85044010
94013090
87120010
85121000
82075011
34070010
95067000
94039010
63079090
85076000
39229000
37019100
84145190
84513099
84705011
82059000
84211210
82032010
82119400
48194000
85075090
61091000
62046200
62046900
95030070
63023900
63039100
94054090
82055900
95030091
84198920
84501200
62034200
85369090
61082200
63021000
62044400
85044040
95049090
83030000
84185010
42010090
94052000
38089119
62092000
61044400
70134290
61123100
62093000
84818019
61044900
62059090
85176249
82119390
84512990
96040000
85162100
61083200
85318000
57024200
82021000
40169590
63029300
94016900
85044030
61121100
73218100
84148090
39262000
38220090
62031900
61102000
84615090
84433238
84732990
57029900
60063220
61143000
61072900
62113300
65050011
85176211
85022011
84529089
92060000
85176259
61032300
64019990
91139000
68029990
85444900
84148031
85176291
85176119
96200000
90251190
84714900
63049100
62112000
73259990
96091000
84702100
82084000
84811000
70200090
84199010
84669360
61109000
84241000
92059000
54075210
21069030
69149000
33049990
39269090
34022000
85234990
63026000
85185000
85161000
85183000
85279100
85101000
84713011
84145110
84678900
84186931
84243010
95030099
95069900
95030080
84796000
85051100
70132800
95045000
39173900
84716054
63022100
63023100
84521000
40114000
85044021
84512100
73239900
90064000
84137080
82122010
91021290
85109090
63014000
95030029
70134100
85153900
84158110
70134210
85366990
85291011
63072000
84142000
84678100
85162900
91021210
62032200
76129090
42022220
61034200
61042990
85198900
84385000
42022210
90303990
84137010
85171219
85279200
61044300
62089100
62044300
61034300
49119900
61012000
63049200
84248910
84659120
85258019
62152000
39232190
39232990
62029200
61023000
44209000
62123000
84819010
84659190
84248221
84591000
44013900
44140000
85285920
87112010
62132000
61089200
62021300
85362000
62043200
61043300
84189900
61043900
73181500
61034900
85299019
61045300
48191000
62062000
84433240
61121900
84641000
61072200
84433235
62113990
61152200
96151900
85171211
61029000
85447010
38249979
87032210
88039000
85392200
85437036
56075011
66039000
85371090
44219100
63031990
35061090
73239400
56081900
82034000
87082999
96033000
60064200
87032310
87032100
54076100
90066900
84378090
39264000
70199090
84289090
90079200
84151090
85369010
85437013
87081000
85122029
33012990
74111010
95051000
64031900
88022090
58063200
42029200
84672992
84672100
70134900
73239300
94032000
95030010
42021210
94037000
91021110
95069100
85258029
84212100
85164000
94042100
94033000
85081900
99999999
84501100
44219900
95066200
38089199
95030021
85176241
49111090
84433299
84254200
85176299
85235110
73262000
84679900
84243090
48115110
82119210
82142000
90178010
39263000
85044090
84145910
62052000
61061000
70139900
21011200
34013000
85363090
42023900
62122000
82015000
61112000
61046300
82052000
84659310
90318099
84669340
85271910
91021190
85176255
83015000
85235200
84238200
62111100
62046300
39169010
62045200
89031000
84592900
84145120
90172000
96034010
61152100
85177099
68042119
87111000
57050000
90184999
82031010
73259910
57029200
61124100
84158290
62029300
61119090
84328000
62019200
85255019
84439929
84159020
56012190
58110000
21069090
34052000
82119220
62011900
90328990
49019100
34053000
90262090
62089200
85219010
84271019
42033000
61052000
56039290
94015900
85389090
85043111
64032000
84159090
61081900
82072000
82056000
85176279
61152920
84649090
34059000
61033900
63041910
40139000
84281000
62082100
61043200
39211390
84251910
54023310
85168010
62033200
85012000
84529020
85078000
91031000
85021210
55161200
61121200
85098010
85299020
94051092
85181090
90251110
42029100
94029020
84433910
92029000
90106000
61171000
69074000
84368000
76041021
85129000
73072900
63025990
92099400
64029990
84198190
84716052
85167100
85098090
94036000
94042900
84231000
40111000
84715010
85287200
95030097
94034000
85272900
95030039
95030098
84158210
84244100
84701000
94017900
84714110
84433233
42023200
85094030
33059000
90189092
84439933
40169990
85171891
33072090
69111090
84221100
38089419
85193000
85131010
62121000
84351000
85171899
96032100
68042211
82041200
61042200
42021900
82119320
63023200
85395000
94054010
39222000
84433115
90291010
33049910
82032090
85365090
61032200
84714190
61071200
73249000
9096110
96159000
90303100
94043000
85176130
61153010
62032300
84382090
44211000
82119290
39253000
18069000
85234920
33049100
42031000
84818039
63025300
82053000
62079100
79070090
84211290
62043300
82149090
85392110
87112020
63031910
95059000
85366910
85123000
56031250
84733042
68051000
35069190
90041000
84361000
62160000
70102000
90132000
85269200
84513091
87116000
95066900
84159010
92079010
22030000
83052000
70023900
68109900
49089000
87141000
85169000
84818011
85291090
60063420
84342090
94019090
62029900
92093000
84196000
85176294
84733039
84331900
85177091
84439939
94014090
85406090
85124010
85022090
39241000
82152000
76151000
85167920
85163200
85081100
84186999
38099190
87150000
85182200
84185090
84213990
85094020
94017100
85165000
73269090
84201090
84182100
95064000
82100090
96039000
39233000
85176277
85182990
84433231
32151900
63039200
87168000
85094040
96170010
62064000
73011000
66011000
70071900
90153000
84151019
61046900
61042300
33030020
82013000
82019000
84172000
61159500
61083900
85269100
84381000
62044200
96151100
57033000
85287119
95030040
84615020
84248229
82071900
84671900
90049090
84518000
84148011
62063000
85234910
42050000
61082900
84642090
84224090
85432000
61083100
85442000
83011000
12119090
70099200
85279910
61072100
39174090
84178090
42032100
49030000
82029990
63025100
63029100
62045900
19011090
39181000
82014000
33069000
62045300
84141000
56074900
65050090
66019900
84312011
62011200
61142000
84733049
90319090
61041300
95044000
84271090
85171290
48115929
96034090
96050000
33079000
39261000
48114110
90069190
88021100
63022900
39235000
70060000
39239000
85051990
48089000
62105000
87120090
58013700
85381000
90131010
87089990
64041100
73083000
62059010
84149020
73110000
68042290
87039000
85176222
37031010
85141010
84433199
14049090
90138010
85437040
84439970
54075400
87042190
96162000
57032000
85285220
85171100
85166000
85184000
82159910
94035000
84145990
84716053
84151011
82100010
82060000
73218900
34011190
94031000
90251990
84717012
39189000
85219090
84672200
82042000
85286910
33074900
91021900
9012100
82111000
84138100
63062200
88022010
85256090
32151100
48189090
94051099
83014000
44191900
84719012
85099000
94021000
85287190
62034300
39269040
42023100
84609090
85171810
62069000
70139110
84331100
61149090
61046200
70139190
85071090
19052010
61069000
90021110
85176254
83099000
61103000
84248990
85176239
62114300
84238190
90330000
84212200
84733019
39173300
90141000
61159600
62011300
61082100
95065900
61113000
33061000
62042300
84388090
61045900
70132200
68043000
84661000
68053090
62053000
93040090
83025000
68042219
62129000
69139000
87149500
84249090
61033300
84729099
84679200
96121090
85061019
90049020
61169900
62114900
70072900
83062900
40119090
84733099
61178090
84439932
32081010
90159090
68029390
70091000
91011100
44152000
61169200
71171900
87119000
85171239
84137090
39232110
61045200
64059000
62042900
94038900
57025020
58109900
85176223
85299090
84433232
84439960
84433229
39173100
84198991
68099000
34060000
39205900
84382019
34021190
39206291
94029090
83040000
84609019
65050022
85094010
90191000
84439923
39221000
85167910
73211100
96190000
94049000
70133700
39249000
84713019
85102000
84146000
85167990
91021220
84386000
69111010
49019900
85235190
35069900
85163100
84501900
84433111
85182100
90192020
40112090
85272100
84191100
33051000
84672999
65061000
95030060
90328911
85103000
42029900
85176272
95030050
94014010
82079000
63022200
94039090
90173020
84433239
95030031
95089049
62099090
61099000
62044900
40161090
34054000
90189099
84433236
62034900
84433113
82057000
92071090
39199090
84798999
84717029
34070090
90029000
62031200
82130000
84219999
62071100
91022100
73211200
84378010
85042100
85176262
82023100
68052000
85151100
84719019
40149090
39234000
84718000
85311090
84479020
73239200
61022000
63049300
85072010
84193900
64019200
61071900
73089090
28289011
73231000
85086000
73219000
90261029
46021900
82151000
85065010
48203000
85285210
63069000
84269900
84239021
85122011
34012010
19059090
85061039
84762100
82159100
85042200
64052000
57023200
90178090
71132000
85198110
84671190
73090090
94038200
54076900
84279000
90308930
96138000
85234190
71131900
64041900
84238110
87082100
84412000
85171221
84733041
27111910
